0 0.32175171914585593 0
0.6624737945492662 0.7192582025677603 0.7422619047619048
0.7527889335118251 0.7391232010648032 0.8289678827564703
0.789847355342563 0.7897813726275327 0.8600847970926712
0.818676047329709 0.827114827918945 0.8629032258064516
0.8631953428201811 0.8384923817161187 0.8785947227986955
0.8739786297925832 0.8483518237688562 0.8759231905465288
0.8817703497369236 0.861599226180880 0.8752923976608187
0.8965198644902987 0.8702062520141798 0.8882250072865054
0.8933415536374846 0.8773159336233285 0.8844702467343977
0.8991674375578168 0.8796623794212218 0.8859205776173286
0.8955823293172691 0.8835099550417469 0.8851585014409222